2014.69043
16
252 261 18 True
559 33 18 True
599 200 18 True
518 281 18 True
457 239 18 True
438 330 18 True
329 322 18 True
318 411 18 True
281 423 18 True
247 494 18 True
258 556 18 True
9 481 18 True
65 328 18 True
188 416 18 True
241 385 18 True
245 274 18 True
252.0 261.0 18
260.25 254.75 18
272.5 245.0 18
288.75 232.0 18
308.0 216.75 18
330.0 199.25 18
353.5 180.5 18
404.0 140.75 18
454.75 102.0 18
478.75 84.0 18
500.75 68.0 18
520.5 54.5 18
537.25 43.75 18
550.25 36.25 18
559.0 33.0 18
565.25 33.5 18
570.75 37.5 18
576.0 44.0 18
580.5 53.0 18
584.5 64.0 18
588.0 76.75 18
593.5 105.0 18
597.25 134.75 18
599.5 162.5 18
599.75 175.0 18
600.0 185.5 18
599.75 194.0 18
599.0 200.0 18
595.0 210.5 18
586.75 222.75 18
575.25 235.75 18
562.25 248.5 18
548.75 260.25 18
536.0 270.25 18
525.5 277.5 18
518.0 281.0 18
511.75 280.25 18
503.75 275.5 18
494.75 268.25 18
485.25 259.75 18
476.25 251.25 18
468.0 244.0 18
461.25 239.5 18
457.0 239.0 18
455.5 240.75 18
454.5 244.0 18
452.5 254.25 18
451.0 267.75 18
449.5 283.25 18
447.5 299.0 18
445.25 313.0 18
442.25 324.0 18
440.25 327.75 18
438.0 330.0 18
434.75 331.25 18
430.25 331.75 18
417.25 331.25 18
401.0 329.0 18
383.25 326.25 18
365.5 323.25 18
349.25 321.0 18
336.5 320.5 18
332.0 320.75 18
329.0 322.0 18
325.25 327.75 18
323.0 338.0 18
321.5 351.25 18
321.0 365.75 18
320.5 380.5 18
320.25 394.0 18
319.5 404.75 18
318.0 411.0 18
315.25 414.0 18
311.25 416.0 18
300.5 417.75 18
289.25 419.0 18
284.5 420.5 18
281.0 423.0 18
277.75 428.0 18
273.0 435.75 18
267.75 445.75 18
262.25 456.75 18
257.0 468.0 18
252.5 478.5 18
249.0 487.5 18
247.0 494.0 18
247.75 500.5 18
251.25 509.5 18
260.75 530.75 18
264.5 540.5 18
266.0 548.75 18
264.25 554.25 18
258.0 556.0 18
251.5 555.25 18
241.25 553.25 18
227.75 550.5 18
211.75 547.0 18
193.75 542.75 18
174.0 537.75 18
132.0 526.75 18
90.0 514.5 18
70.5 508.25 18
52.75 502.25 18
37.25 496.25 18
24.25 490.75 18
14.75 485.5 18
9.0 481.0 18
6.25 475.5 18
5.25 468.25 18
5.5 459.0 18
7.25 448.5 18
13.5 424.25 18
23.0 398.5 18
34.5 373.25 18
46.0 351.5 18
51.5 342.5 18
56.75 335.5 18
61.25 330.5 18
65.0 328.0 18
69.25 327.75 18
74.75 329.75 18
81.5 333.25 18
89.25 338.25 18
107.25 351.5 18
126.75 367.5 18
146.25 384.0 18
164.0 399.0 18
178.5 410.25 18
184.0 414.0 18
188.0 416.0 18
195.25 417.0 18
203.0 415.5 18
211.0 412.5 18
219.0 408.0 18
233.0 396.75 18
237.75 390.75 18
241.0 385.0 18
242.0 381.5 18
242.75 376.75 18
244.0 363.25 18
244.75 346.75 18
245.0 328.5 18
245.25 310.25 18
245.0 294.0 18
245.0 281.5 18
245.0 277.0 18
245.0 274.0 18
