3436.266
36
126 222 18 True
211 71 18 True
275 50 18 True
450 105 18 True
496 178 18 True
449 329 18 True
452 349 18 True
481 365 18 True
747 467 18 True
790 497 18 True
803 557 18 True
770 632 18 True
649 651 18 True
397 656 18 True
240 658 18 True
200 634 18 True
196 600 18 True
249 478 18 True
274 463 18 True
291 466 18 True
303 480 18 True
302 496 18 True
296 524 18 True
270 603 18 True
276 620 18 True
295 623 18 True
316 619 18 True
481 595 18 True
681 601 18 True
717 575 18 True
723 536 18 True
707 507 18 True
446 445 18 True
142 336 18 True
104 308 18 True
114 256 18 True
126.0 222.0 18
128.25 218.0 18
131.5 212.0 18
135.75 204.0 18
140.75 194.5 18
152.75 172.25 18
166.25 147.25 18
179.75 122.5 18
192.75 99.75 18
198.5 90.0 18
203.5 81.75 18
207.75 75.25 18
211.0 71.0 18
224.0 60.0 18
239.75 53.0 18
257.0 49.5 18
275.0 50.0 18
280.75 51.0 18
288.5 52.75 18
298.25 55.25 18
309.5 58.25 18
335.0 65.5 18
363.25 74.0 18
391.25 83.0 18
416.75 91.5 18
427.75 95.5 18
437.25 99.0 18
444.75 102.25 18
450.0 105.0 18
458.5 111.0 18
466.5 118.75 18
481.5 138.0 18
487.5 148.5 18
492.0 159.0 18
495.0 169.0 18
496.0 178.0 18
495.5 183.25 18
494.25 190.25 18
492.0 198.75 18
489.25 208.75 18
482.25 231.25 18
474.25 255.5 18
465.75 279.75 18
458.25 301.5 18
455.0 310.75 18
452.25 318.5 18
450.25 324.75 18
449.0 329.0 18
447.75 334.75 18
447.25 339.0 18
447.75 344.25 18
449.75 346.75 18
452.0 349.0 18
453.75 351.5 18
456.75 354.0 18
459.75 355.75 18
464.5 358.0 18
471.5 361.0 18
481.0 365.0 18
488.5 368.0 18
499.75 372.25 18
513.75 377.75 18
530.75 384.25 18
549.5 391.25 18
570.0 399.0 18
613.5 415.75 18
657.0 432.25 18
677.5 440.0 18
696.5 447.25 18
713.5 453.75 18
728.0 459.5 18
739.25 463.75 18
747.0 467.0 18
757.5 471.75 18
766.0 476.0 18
772.75 480.0 18
778.0 483.5 18
785.25 490.5 18
790.0 497.0 18
792.25 501.5 18
794.75 508.25 18
799.5 525.25 18
802.5 543.25 18
803.25 551.0 18
803.0 557.0 18
801.75 563.75 18
799.25 573.0 18
795.75 584.25 18
791.5 596.0 18
786.75 607.75 18
781.5 618.25 18
775.75 626.75 18
770.0 632.0 18
762.0 635.5 18
750.0 638.75 18
735.0 641.5 18
717.75 644.25 18
681.5 648.5 18
664.25 650.0 18
649.0 651.0 18
640.5 651.5 18
629.25 652.0 18
615.5 652.25 18
599.75 652.75 18
582.25 653.25 18
563.75 653.5 18
524.5 654.25 18
485.0 654.75 18
466.0 655.0 18
448.5 655.25 18
432.25 655.5 18
418.0 655.75 18
406.25 656.0 18
397.0 656.0 18
379.25 656.5 18
358.0 657.0 18
334.5 657.5 18
310.75 658.25 18
287.5 658.5 18
267.25 658.75 18
250.75 658.5 18
244.5 658.25 18
240.0 658.0 18
226.25 654.25 18
214.5 647.5 18
205.5 640.0 18
200.0 634.0 18
197.0 628.5 18
194.75 620.75 18
194.0 611.25 18
196.0 600.0 18
197.25 596.25 18
199.5 590.75 18
205.25 576.25 18
213.0 558.25 18
221.5 538.25 18
230.25 518.5 18
238.25 500.75 18
244.75 486.5 18
247.25 481.5 18
249.0 478.0 18
255.75 470.25 18
263.0 466.0 18
269.5 464.0 18
274.0 463.0 18
278.0 462.75 18
283.0 463.5 18
287.75 464.75 18
291.0 466.0 18
294.0 468.5 18
297.75 472.5 18
301.25 476.75 18
303.0 480.0 18
303.5 483.25 18
303.25 487.5 18
302.75 492.25 18
302.0 496.0 18
301.25 500.75 18
300.0 507.75 18
296.0 524.0 18
294.0 530.0 18
291.0 539.5 18
287.0 551.25 18
282.75 564.0 18
278.25 576.75 18
274.5 588.25 18
271.5 597.25 18
270.0 603.0 18
269.75 609.5 18
271.25 614.5 18
276.0 620.0 18
279.5 621.25 18
285.0 622.25 18
290.75 623.0 18
295.0 623.0 18
297.25 622.75 18
300.0 622.25 18
305.5 621.0 18
310.0 620.0 18
316.0 619.0 18
320.5 618.25 18
327.0 617.25 18
335.0 616.0 18
344.5 614.25 18
366.75 610.75 18
391.75 606.75 18
417.75 602.75 18
442.5 599.25 18
464.25 596.5 18
473.25 595.5 18
481.0 595.0 18
489.0 594.75 18
499.0 594.75 18
511.0 595.0 18
524.25 595.5 18
554.25 596.75 18
586.0 598.0 18
617.0 599.5 18
645.0 600.75 18
657.0 601.0 18
667.25 601.25 18
675.25 601.25 18
681.0 601.0 18
696.0 597.0 18
706.5 589.75 18
713.0 581.5 18
717.0 575.0 18
718.5 571.75 18
719.75 567.25 18
722.0 555.75 18
723.0 544.25 18
723.25 539.5 18
723.0 536.0 18
724.0 530.0 18
725.0 522.5 18
724.0 518.5 18
721.0 514.5 18
715.5 510.75 18
707.0 507.0 18
700.25 505.0 18
690.25 502.5 18
677.5 499.5 18
662.5 496.0 18
645.75 492.0 18
627.25 488.0 18
587.5 479.0 18
546.25 469.75 18
506.75 460.75 18
488.75 456.25 18
472.25 452.25 18
458.0 448.5 18
446.0 445.0 18
433.75 441.25 18
418.0 436.0 18
400.0 429.75 18
379.5 422.75 18
357.25 415.0 18
334.0 406.75 18
285.75 389.25 18
238.25 372.0 18
216.25 364.0 18
196.0 356.5 18
178.0 349.75 18
162.5 344.0 18
150.5 339.25 18
142.0 336.0 18
130.75 331.25 18
122.25 327.0 18
115.75 323.25 18
111.5 320.0 18
106.5 313.75 18
104.0 308.0 18
103.5 303.75 18
104.25 297.25 18
107.5 281.0 18
109.75 272.75 18
111.75 265.25 18
113.25 259.5 18
114.0 256.0 18
