3042.19922
47
28 90 18 True
55 50 18 True
93 42 18 True
153 50 18 True
339 90 18 True
360 115 18 True
357 170 18 True
373 201 18 True
570 261 18 True
619 294 18 True
616 320 18 True
602 334 18 True
576 337 18 True
481 315 18 True
448 280 18 True
422 270 18 True
371 280 18 True
174 110 18 True
130 93 18 True
104 99 18 True
84 124 18 True
82 155 18 True
99 185 18 True
129 203 18 True
261 274 18 True
468 379 18 True
578 431 18 True
604 466 18 True
595 494 18 True
562 504 18 True
484 474 18 True
433 437 18 True
398 434 18 True
386 459 18 True
360 492 18 True
314 466 18 True
244 392 18 True
205 381 18 True
171 406 18 True
117 404 18 True
23 325 18 True
23 298 18 True
47 258 18 True
47 228 18 True
22 186 18 True
11 143 18 True
22 104 18 True
28.0 90.0 18
29.75 87.25 18
32.5 82.75 18
40.0 70.5 18
48.5 57.75 18
52.0 53.0 18
55.0 50.0 18
62.25 46.75 18
72.75 44.25 18
83.75 42.5 18
93.0 42.0 18
103.25 42.5 18
117.5 44.25 18
134.75 46.75 18
153.0 50.0 18
159.0 51.25 18
167.25 53.0 18
177.5 55.0 18
189.5 57.5 18
217.25 63.25 18
247.5 69.5 18
277.75 75.75 18
304.75 81.75 18
316.25 84.25 18
326.25 86.5 18
333.75 88.5 18
339.0 90.0 18
345.75 92.5 18
350.75 95.5 18
356.75 102.0 18
359.0 108.75 18
360.0 115.0 18
360.5 119.25 18
360.25 125.75 18
358.75 142.25 18
357.25 159.0 18
356.75 165.5 18
357.0 170.0 18
357.25 177.25 18
357.5 185.5 18
359.0 189.5 18
361.75 193.5 18
366.25 197.5 18
373.0 201.0 18
378.5 203.0 18
386.75 205.75 18
397.0 209.25 18
409.5 213.0 18
423.25 217.25 18
438.25 221.5 18
470.5 231.0 18
502.5 240.5 18
532.0 249.0 18
544.5 252.75 18
555.5 256.25 18
564.0 259.0 18
570.0 261.0 18
587.5 269.25 18
602.0 279.0 18
613.0 287.75 18
619.0 294.0 18
620.75 300.0 18
620.0 307.75 18
618.0 315.0 18
616.0 320.0 18
613.75 323.75 18
610.0 328.0 18
605.75 331.75 18
602.0 334.0 18
598.0 335.5 18
592.0 337.0 18
584.75 337.5 18
576.0 337.0 18
569.0 335.75 18
558.0 333.75 18
544.0 330.75 18
529.0 327.5 18
513.5 324.0 18
499.75 320.5 18
488.25 317.5 18
481.0 315.0 18
476.25 312.0 18
471.25 307.75 18
462.0 297.25 18
454.0 286.5 18
450.5 282.5 18
448.0 280.0 18
442.5 276.5 18
435.75 273.25 18
428.5 271.0 18
422.0 270.0 18
418.75 271.0 18
414.5 273.75 18
403.0 281.0 18
396.25 283.75 18
388.5 285.25 18
380.0 284.25 18
371.0 280.0 18
365.0 275.75 18
356.5 268.75 18
345.75 260.0 18
333.25 249.25 18
304.25 224.0 18
272.25 196.0 18
240.5 167.75 18
211.5 142.25 18
199.0 131.25 18
188.5 122.0 18
180.0 114.75 18
174.0 110.0 18
165.5 104.0 18
158.0 99.75 18
145.75 95.0 18
136.5 93.5 18
130.0 93.0 18
123.75 93.0 18
116.25 94.5 18
109.0 96.75 18
104.0 99.0 18
99.25 103.5 18
93.25 110.75 18
87.5 118.25 18
84.0 124.0 18
82.75 130.5 18
81.75 139.5 18
81.5 148.5 18
82.0 155.0 18
84.75 161.75 18
89.5 170.5 18
94.75 179.25 18
99.0 185.0 18
103.5 188.75 18
109.75 192.5 18
118.25 197.25 18
129.0 203.0 18
132.75 205.0 18
138.0 208.0 18
151.75 215.5 18
169.0 224.75 18
188.5 235.25 18
208.75 246.25 18
228.5 256.75 18
246.25 266.25 18
261.0 274.0 18
268.5 278.0 18
278.25 283.0 18
290.0 289.0 18
303.25 295.75 18
333.25 311.0 18
365.5 327.25 18
397.5 343.75 18
427.25 358.5 18
440.0 365.0 18
451.5 370.75 18
460.75 375.5 18
468.0 379.0 18
481.25 385.5 18
496.75 392.5 18
529.75 407.75 18
545.75 415.0 18
559.5 421.5 18
570.75 427.0 18
578.0 431.0 18
587.75 439.25 18
595.5 449.5 18
601.25 459.25 18
604.0 466.0 18
604.0 472.5 18
601.75 481.0 18
598.5 489.0 18
595.0 494.0 18
589.75 497.5 18
581.25 501.25 18
571.25 503.75 18
562.0 504.0 18
556.0 502.5 18
547.0 499.5 18
536.0 495.5 18
523.75 490.75 18
511.5 486.0 18
500.25 481.25 18
490.75 477.25 18
484.0 474.0 18
478.5 470.75 18
472.0 466.0 18
457.0 454.5 18
442.75 443.5 18
437.25 439.5 18
433.0 437.0 18
424.5 434.5 18
414.0 433.25 18
404.25 433.0 18
400.5 433.5 18
398.0 434.0 18
394.75 438.0 18
391.75 445.25 18
389.0 453.0 18
386.0 459.0 18
384.0 462.0 18
381.5 466.5 18
374.25 477.5 18
366.5 487.5 18
363.0 490.75 18
360.0 492.0 18
356.5 491.5 18
351.5 489.75 18
338.75 483.0 18
325.25 474.5 18
314.0 466.0 18
308.25 460.25 18
299.75 451.5 18
289.75 440.5 18
278.75 428.5 18
268.0 416.5 18
258.0 405.75 18
249.75 397.25 18
244.0 392.0 18
234.5 386.5 18
223.25 382.75 18
212.75 381.0 18
205.0 381.0 18
201.75 382.5 18
198.0 385.25 18
188.75 393.25 18
179.0 401.25 18
174.75 404.25 18
171.0 406.0 18
166.75 407.0 18
161.0 408.0 18
146.25 409.0 18
130.5 408.25 18
117.0 404.0 18
109.0 398.75 18
97.5 389.75 18
83.25 378.25 18
68.0 365.5 18
53.0 352.5 18
39.5 340.75 18
29.25 331.25 18
23.0 325.0 18
20.25 321.0 18
18.75 317.25 18
18.75 310.0 18
20.75 303.5 18
23.0 298.0 18
24.75 294.75 18
27.5 290.0 18
35.0 278.25 18
42.75 266.25 18
45.5 261.5 18
47.0 258.0 18
48.5 251.5 18
49.0 243.0 18
48.5 234.75 18
47.0 228.0 18
45.25 224.5 18
42.5 219.75 18
35.0 207.5 18
27.25 195.25 18
24.0 190.0 18
22.0 186.0 18
20.5 182.0 18
18.75 176.75 18
15.25 164.5 18
12.25 152.0 18
11.25 146.75 18
11.0 143.0 18
11.5 139.25 18
12.5 134.0 18
16.25 122.0 18
19.75 110.75 18
21.25 106.5 18
22.0 104.0 18
