3910.48315
53
133 108 18 True
321 47 18 True
364 41 18 True
380 50 18 True
387 73 18 True
410 189 18 True
435 221 18 True
476 227 18 True
516 207 18 True
543 166 18 True
593 148 18 True
636 149 18 True
716 222 18 True
786 299 18 True
800 332 18 True
778 393 18 True
755 408 18 True
580 442 18 True
498 458 18 True
494 490 18 True
488 503 18 True
462 549 18 True
390 570 18 True
299 480 18 True
259 454 18 True
220 469 18 True
138 502 18 True
78 487 18 True
21 424 18 True
21 392 18 True
43 371 18 True
254 371 18 True
678 366 18 True
730 340 18 True
731 305 18 True
708 279 18 True
654 277 18 True
413 290 18 True
46 309 18 True
8 283 18 True
16 250 18 True
37 236 18 True
68 242 18 True
85 268 18 True
112 277 18 True
147 262 18 True
148 225 18 True
114 213 18 True
77 196 18 True
56 172 18 True
57 151 18 True
85 125 18 True
120 112 18 True
133.0 108.0 18
138.0 106.5 18
145.5 104.0 18
155.5 100.75 18
167.25 97.0 18
180.5 92.5 18
194.75 87.75 18
225.5 77.75 18
256.5 67.75 18
284.5 58.5 18
296.75 54.5 18
307.0 51.25 18
315.25 48.75 18
321.0 47.0 18
336.75 43.25 18
349.0 41.5 18
358.25 41.0 18
364.0 41.0 18
368.75 42.25 18
373.5 44.5 18
377.5 47.5 18
380.0 50.0 18
381.75 53.0 18
383.25 57.5 18
385.0 64.0 18
387.0 73.0 18
387.75 76.5 18
388.75 81.5 18
391.25 95.0 18
394.25 112.0 18
397.75 130.75 18
401.5 149.5 18
404.75 166.5 18
407.75 180.25 18
409.0 185.5 18
410.0 189.0 18
415.0 199.75 18
422.0 209.25 18
429.0 216.5 18
435.0 221.0 18
438.25 222.5 18
443.25 223.75 18
455.0 226.0 18
467.25 227.25 18
472.25 227.25 18
476.0 227.0 18
479.75 226.0 18
484.75 224.25 18
496.75 219.0 18
508.25 212.5 18
512.75 209.5 18
516.0 207.0 18
518.75 203.75 18
522.0 199.0 18
529.25 186.5 18
536.5 174.0 18
540.0 169.25 18
543.0 166.0 18
547.0 163.75 18
552.75 161.0 18
567.5 155.5 18
582.5 150.75 18
588.5 149.0 18
593.0 148.0 18
602.0 146.5 18
613.5 145.25 18
625.5 145.5 18
636.0 149.0 18
642.5 153.75 18
651.75 161.5 18
662.75 171.5 18
675.0 182.75 18
687.5 194.25 18
699.0 205.25 18
708.75 214.75 18
716.0 222.0 18
723.0 229.25 18
732.0 238.75 18
742.5 250.0 18
753.5 262.0 18
764.25 273.75 18
773.75 284.5 18
781.25 293.25 18
786.0 299.0 18
792.0 307.5 18
796.5 316.25 18
799.5 324.5 18
800.0 332.0 18
799.0 337.0 18
797.0 344.5 18
794.0 353.5 18
790.5 363.25 18
786.75 373.0 18
783.25 381.75 18
780.25 388.5 18
778.0 393.0 18
775.25 398.0 18
772.25 401.75 18
766.5 404.75 18
761.5 406.25 18
755.0 408.0 18
750.0 409.25 18
742.75 410.75 18
733.75 412.5 18
723.0 414.75 18
697.75 419.75 18
669.75 425.0 18
641.5 430.25 18
615.5 435.25 18
604.0 437.5 18
594.0 439.25 18
586.0 440.75 18
580.0 442.0 18
569.5 444.0 18
557.75 446.0 18
532.75 450.0 18
521.0 452.25 18
511.0 454.25 18
503.0 456.25 18
498.0 458.0 18
495.5 460.75 18
494.0 464.5 18
493.25 474.25 18
493.75 483.75 18
494.0 487.5 18
494.0 490.0 18
491.75 496.0 18
488.0 503.0 18
486.5 506.5 18
484.0 511.75 18
477.75 525.75 18
469.75 540.0 18
465.75 545.5 18
462.0 549.0 18
456.75 552.25 18
449.0 556.0 18
439.25 560.5 18
428.5 564.75 18
417.5 568.25 18
406.75 570.5 18
397.5 571.5 18
390.0 570.0 18
386.5 568.0 18
382.0 564.75 18
370.75 554.75 18
357.5 541.75 18
343.25 526.75 18
329.25 511.75 18
316.5 498.0 18
306.0 487.0 18
299.0 480.0 18
288.5 471.25 18
277.25 463.25 18
266.75 457.0 18
259.0 454.0 18
251.25 455.25 18
241.25 459.25 18
230.25 464.5 18
220.0 469.0 18
213.5 471.75 18
204.25 476.0 18
192.5 481.25 18
179.75 486.75 18
167.0 492.0 18
155.25 496.75 18
145.0 500.25 18
138.0 502.0 18
132.0 502.25 18
124.25 501.75 18
107.25 498.25 18
90.25 493.0 18
83.5 490.0 18
78.0 487.0 18
72.5 482.5 18
65.0 475.25 18
56.5 466.25 18
47.25 456.25 18
38.5 446.0 18
30.75 436.75 18
24.75 429.0 18
21.0 424.0 18
18.5 415.75 18
18.25 406.5 18
19.5 398.0 18
21.0 392.0 18
22.0 386.75 18
24.25 380.5 18
26.5 377.25 18
30.0 374.5 18
35.5 372.25 18
43.0 371.0 18
48.5 370.75 18
56.25 370.5 18
65.75 370.25 18
77.0 370.25 18
103.25 370.25 18
133.5 370.5 18
165.5 370.75 18
197.5 371.0 18
227.75 371.0 18
254.0 371.0 18
268.75 371.0 18
288.5 370.75 18
312.75 370.75 18
340.25 370.5 18
371.0 370.25 18
403.5 370.0 18
472.0 369.5 18
506.25 369.25 18
539.75 369.0 18
571.5 368.5 18
600.75 368.0 18
626.75 367.75 18
648.75 367.25 18
666.0 366.5 18
672.75 366.25 18
678.0 366.0 18
693.75 364.25 18
705.5 361.5 18
714.0 358.0 18
720.0 354.25 18
723.75 350.25 18
726.5 346.25 18
730.0 340.0 18
731.75 337.0 18
732.75 333.0 18
733.5 322.5 18
732.5 312.25 18
731.75 308.0 18
731.0 305.0 18
727.75 298.75 18
721.75 291.0 18
714.5 283.5 18
708.0 279.0 18
700.5 277.5 18
689.25 276.5 18
673.75 276.5 18
654.0 277.0 18
647.0 277.25 18
637.75 277.75 18
626.0 278.5 18
612.5 279.25 18
597.25 280.0 18
580.75 280.75 18
545.25 282.75 18
508.25 285.0 18
472.25 287.0 18
439.75 288.75 18
425.5 289.25 18
413.0 290.0 18
399.25 290.75 18
381.5 291.75 18
360.0 293.0 18
335.75 294.5 18
309.0 296.0 18
280.75 297.75 18
222.0 301.0 18
164.0 304.25 18
136.75 305.5 18
112.0 306.75 18
89.75 307.75 18
71.0 308.5 18
56.25 309.0 18
46.0 309.0 18
32.75 308.0 18
23.5 305.5 18
17.0 302.25 18
13.0 298.0 18
10.75 293.75 18
9.5 289.5 18
8.0 283.0 18
7.25 280.25 18
7.5 276.0 18
9.75 266.25 18
13.25 256.25 18
14.75 252.5 18
16.0 250.0 18
19.75 246.0 18
25.75 241.75 18
32.0 238.0 18
37.0 236.0 18
43.5 236.25 18
52.75 237.5 18
62.0 239.75 18
65.5 240.75 18
68.0 242.0 18
72.25 247.0 18
76.75 255.0 18
81.25 263.0 18
85.0 268.0 18
90.25 271.0 18
98.0 274.0 18
106.0 276.5 18
112.0 277.0 18
115.25 276.5 18
119.5 275.25 18
130.5 271.25 18
141.0 266.5 18
144.75 264.25 18
147.0 262.0 18
148.25 259.25 18
149.25 254.75 18
150.25 243.5 18
149.75 232.25 18
149.0 227.75 18
148.0 225.0 18
146.0 223.25 18
142.25 221.5 18
132.5 218.25 18
122.0 215.5 18
117.5 214.25 18
114.0 213.0 18
110.75 211.75 18
106.0 209.75 18
95.25 205.0 18
84.25 200.0 18
80.0 197.75 18
77.0 196.0 18
71.5 191.25 18
65.0 184.25 18
59.25 177.0 18
56.0 172.0 18
55.0 167.5 18
54.75 161.5 18
55.5 155.75 18
57.0 151.0 18
61.75 145.5 18
69.75 137.75 18
78.5 130.0 18
85.0 125.0 18
88.25 123.5 18
92.75 121.5 18
103.75 117.75 18
114.0 114.25 18
117.75 112.75 18
120.0 112.0 18
