1823.64624
8
77 131 18 False
370 56 18 False
711 101 18 False
741 366 18 False
385 368 18 False
69 309 18 False
16 213 18 False
65 138 18 False
77 131 18
84.5 129 18
95.5 125.75 18
109.5 121.5 18
126.25 116.5 18
145.25 111 18
166 104.75 18
210.75 91.75 18
257.25 79 18
301.75 68 18
322 63.5 18
340.5 59.75 18
356.5 57.25 18
370 56 18
384 55.75 18
401.25 55.75 18
422 56.5 18
444.75 57.5 18
469.75 58.75 18
496 60.75 18
550.5 65.75 18
603.5 72.25 18
628.25 76.25 18
651 80.5 18
671.25 85 18
688.25 90 18
701.75 95.25 18
711 101 18
717.75 108.75 18
724.25 120.25 18
730.5 134.75 18
736 151.75 18
741 170.75 18
745.5 191.5 18
752.25 235.25 18
755.75 278.75 18
756 299 18
755.25 317.75 18
753.5 334.25 18
750.75 348.25 18
746.5 359 18
741 366 18
732.5 370.5 18
719.25 374 18
701.75 376.5 18
681 378.5 18
657.5 379.5 18
631.75 380 18
604.5 379.75 18
576 379.25 18
518.75 377 18
490.75 375.5 18
464.5 374 18
440 372.25 18
418.25 370.75 18
399.75 369.25 18
385 368 18
370.75 366.5 18
353.75 364.5 18
334.25 361.75 18
312.5 358.75 18 
289.5 355 18
265.25 351 18
215.75 342.25 18
167.5 333 18
145.25 328.5 18
124.5 324 18
106.25 319.75 18
90.5 315.75 18
78 312.25 18
69 309 18
56.25 301.25 18
45.25 290 18
36.25 276.25 18
29 261.75 18
23.25 246.75 18
19.25 233 18
17 221.5 18
16 213 18
17.75 205.25 18
23 195.25 18
30.25 183.75 18
38.75 172 18
47.25 160.5 18
55.25 150.5 18
61.5 142.75 18
65 138 18